lastAccountName: PM_PR
timestamps:
  login: 1605121071642
  logout: 1605121086112
ipAddress: 88.8.176.15
lastlocation:
  world: world
  x: 150.0
  y: 63.0
  z: 176.0
  yaw: 0.0
  pitch: 0.0
logoutlocation:
  world: world
  x: 150.5
  y: 63.0
  z: 176.5
  yaw: 0.1499625
  pitch: -1.3500065
