lastAccountName: Edolin
timestamps:
  login: 1605204481883
  logout: 1605204485702
ipAddress: 188.127.172.124
lastlocation:
  world: world
  x: 153.69999998807907
  y: 63.0
  z: 173.30000001192093
  yaw: -335.39957
  pitch: 8.850015
logoutlocation:
  world: world
  x: 259.8170810111307
  y: 78.27646721375382
  z: -1200.6139429666882
  yaw: -82.95008
  pitch: 32.849857
afk: false
