lastAccountName: Edolin
timestamps:
  login: 1605365293128
  logout: 1605365941234
ipAddress: 188.127.172.124
lastlocation:
  world: world
  x: 153.69999998807907
  y: 63.0
  z: 173.30000001192093
  yaw: -335.39957
  pitch: 8.850015
logoutlocation:
  world: world
  x: 205.49826694019478
  y: 68.2568315446241
  z: -1133.7374038306805
  yaw: 83.62317
  pitch: 1.050007
afk: false
