lastAccountName: Edolin
timestamps:
  login: 1605203045259
  logout: 1605203059257
ipAddress: 188.127.172.124
lastlocation:
  world: world
  x: 153.69999998807907
  y: 63.0
  z: 173.30000001192093
  yaw: -335.39957
  pitch: 8.850015
logoutlocation:
  world: world
  x: 258.727622743595
  y: 78.27646721375382
  z: -1199.76398664518
  yaw: -88.80024
  pitch: 33.299778
afk: false
