lastAccountName: Edolin
timestamps:
  login: 1605435365249
  logout: 1605436162261
  lastteleport: 1605395354245
ipAddress: 188.127.172.124
lastlocation:
  world: world_nether
  x: -1.737419940031249
  y: 75.0
  z: -28.7852619592182
  yaw: -110.700294
  pitch: 27.750105
logoutlocation:
  world: world
  x: 307.6980951647134
  y: 106.22576254856074
  z: -1139.7916380817412
  yaw: -178.23175
  pitch: 47.247852
afk: false
