lastAccountName: dracosara
timestamps:
  login: 1605650286987
  logout: 1605653429523
ipAddress: 188.127.172.124
lastlocation:
  world: world
  x: -363.6265925014233
  y: 57.0
  z: 1242.5999309371375
  yaw: -40.10699
  pitch: -24.000011
logoutlocation:
  world: world
  x: -485.4938639968744
  y: 68.0
  z: 1213.3077439982756
  yaw: -352.45996
  pitch: 16.94964
