lastAccountName: dracosara
timestamps:
  login: 1607293702360
  logout: 1607294284618
ipAddress: 188.127.172.124
lastlocation:
  world: world
  x: -363.6265925014233
  y: 57.0
  z: 1242.5999309371375
  yaw: -40.10699
  pitch: -24.000011
logoutlocation:
  world: world
  x: -373.6302614710772
  y: 55.0
  z: 1250.298663073924
  yaw: -247.15967
  pitch: 17.69981
