lastAccountName: dracosara
timestamps:
  login: 1605132834279
  logout: 1605134532157
ipAddress: 188.127.172.124
lastlocation:
  world: world
  x: -482.70591993804373
  y: 68.1875
  z: 1235.1121435508076
  yaw: -110.84973
  pitch: 28.650076
logoutlocation:
  world: world
  x: -346.4466637901125
  y: 63.0
  z: 1252.532912254477
  yaw: -188.2475
  pitch: 4.3497386
