lastAccountName: dracosara
timestamps:
  login: 1605372795310
  logout: 1605376137285
ipAddress: 188.127.172.124
lastlocation:
  world: world
  x: -482.70591993804373
  y: 68.1875
  z: 1235.1121435508076
  yaw: -110.84973
  pitch: 28.650076
logoutlocation:
  world: world_nether
  x: 16.15837115266341
  y: 44.121296840539195
  z: -22.00631704121019
  yaw: 74.72114
  pitch: 18.450077
