lastAccountName: dracosara
timestamps:
  login: 1607203102348
  logout: 1607210416384
ipAddress: 188.127.172.124
lastlocation:
  world: world
  x: -363.6265925014233
  y: 57.0
  z: 1242.5999309371375
  yaw: -40.10699
  pitch: -24.000011
logoutlocation:
  world: world
  x: -485.3901351980704
  y: 67.875
  z: 1232.1641528805817
  yaw: -14.291016
  pitch: 31.20055
