lastAccountName: dracosara
timestamps:
  login: 1605563663970
  logout: 1605563671494
ipAddress: 188.127.172.124
lastlocation:
  world: world
  x: -363.6265925014233
  y: 57.0
  z: 1242.5999309371375
  yaw: -40.10699
  pitch: -24.000011
logoutlocation:
  world: world
  x: -381.7076897486921
  y: 54.0
  z: 1237.6748973498043
  yaw: -280.27658
  pitch: 42.750088
