lastAccountName: dracosara
timestamps:
  login: 1605265225238
  logout: 1605280798434
ipAddress: 188.127.172.124
lastlocation:
  world: world
  x: -482.70591993804373
  y: 68.1875
  z: 1235.1121435508076
  yaw: -110.84973
  pitch: 28.650076
logoutlocation:
  world: world_nether
  x: -83.45587583087375
  y: 32.0
  z: 168.30000001192093
  yaw: -246.1577
  pitch: 3.8994532
