lastAccountName: dracosara
timestamps:
  login: 1605471513428
  logout: 1605480864772
ipAddress: 188.127.172.124
lastlocation:
  world: world
  x: -363.6265925014233
  y: 57.0
  z: 1242.5999309371375
  yaw: -40.10699
  pitch: -24.000011
logoutlocation:
  world: world
  x: -483.22135946555005
  y: 67.875
  z: 1231.435006110335
  yaw: -307.229
  pitch: 43.200027
