lastAccountName: dracosara
timestamps:
  login: 1607119529587
  logout: 1607124902988
ipAddress: 188.127.172.124
lastlocation:
  world: world
  x: -363.6265925014233
  y: 57.0
  z: 1242.5999309371375
  yaw: -40.10699
  pitch: -24.000011
logoutlocation:
  world: world_nether
  x: 181.4024259436094
  y: 54.0
  z: -415.69051390684524
  yaw: -73.316895
  pitch: -4.3499317
