lastAccountName: Delpi33
timestamps:
  login: 1605374117904
  logout: 1605376137300
ipAddress: 79.145.163.112
logoutlocation:
  world: world_nether
  x: -356.63264772270304
  y: 67.0
  z: 729.4015923593306
  yaw: 354.37042
  pitch: -5.8120327
