lastAccountName: Delpi33
timestamps:
  login: 1607120248658
  logout: 1607125544880
ipAddress: 79.145.163.112
logoutlocation:
  world: world
  x: -46.122197644816055
  y: 5.5
  z: 1963.0110058745634
  yaw: 308.3308
  pitch: -1.7745731
