lastAccountName: Delpi33
timestamps:
  login: 1607293387767
  logout: 1607294276416
ipAddress: 79.145.163.112
logoutlocation:
  world: world
  x: 19.965870361156284
  y: 111.0
  z: 1896.220412854226
  yaw: 354.55005
  pitch: -8.000275
