lastAccountName: Delpi33
timestamps:
  login: 1606337196683
  logout: 1606337201233
ipAddress: 79.145.163.112
logoutlocation:
  world: world
  x: -478.1276723713804
  y: 66.9375
  z: 1228.0167614241334
  yaw: 97.09238
  pitch: 26.253107
