lastAccountName: Delpi33
timestamps:
  login: 1605648336697
  logout: 1605654605022
ipAddress: 79.145.163.112
logoutlocation:
  world: world
  x: -523.6999999880791
  y: 202.0
  z: 1284.300000011921
  yaw: 313.58096
  pitch: 29.19759
