lastAccountName: Delpi33
timestamps:
  login: 1605475655328
  logout: 1605478336410
ipAddress: 79.145.163.112
logoutlocation:
  world: world_nether
  x: -58.357170108352875
  y: 64.0
  z: 150.18681186330713
  yaw: 173.86914
  pitch: 22.872322
