lastAccountName: Delpi33
timestamps:
  login: 1605563640960
  logout: 1605563863462
ipAddress: 79.145.163.112
logoutlocation:
  world: world
  x: -523.6999999880791
  y: 202.0
  z: 1284.300000011921
  yaw: -3.2551363
  pitch: 23.477844
