lastAccountName: Delpi33
timestamps:
  login: 1605133985108
  logout: 1605134532172
ipAddress: 79.145.163.112
logoutlocation:
  world: world_nether
  x: -53.69999998807907
  y: 82.23152379758702
  z: 143.8556662431845
  yaw: 102.04136
  pitch: 72.586815
