lastAccountName: Delpi33
timestamps:
  login: 1607176513291
  logout: 1607176545508
ipAddress: 79.145.163.112
logoutlocation:
  world: world
  x: 39.56374117721229
  y: 124.0
  z: 1903.11181079563
  yaw: 121.714355
  pitch: 12.021183
