lastAccountName: Parai12
timestamps:
  login: 1605478579246
  logout: 1605478989850
ipAddress: 82.158.132.163
lastlocation:
  world: world
  x: -715.699999988079
  y: 11.0
  z: 1330.1454340611797
  yaw: 178.3053
  pitch: 5.0997925
logoutlocation:
  world: world
  x: 10.140025706058971
  y: 120.5
  z: 1913.6809254013356
  yaw: -18.702515
  pitch: 2.399962
