lastAccountName: Parai12
timestamps:
  login: 1605650181627
  logout: 1605652424819
ipAddress: 82.158.132.163
lastlocation:
  world: world
  x: -715.699999988079
  y: 11.0
  z: 1330.1454340611797
  yaw: 178.3053
  pitch: 5.0997925
logoutlocation:
  world: world
  x: -381.94456280432365
  y: 64.0
  z: 1237.8759110744256
  yaw: 326.0902
  pitch: 36.449856
