lastAccountName: Parai12
timestamps:
  login: 1607119587680
  logout: 1607124714151
ipAddress: 82.158.132.163
lastlocation:
  world: world
  x: -715.699999988079
  y: 11.0
  z: 1330.1454340611797
  yaw: 178.3053
  pitch: 5.0997925
logoutlocation:
  world: world_nether
  x: -280.72752425243647
  y: 117.0
  z: -402.4094342552445
  yaw: 6.4354796
  pitch: 10.800268
