lastAccountName: Parai12
timestamps:
  login: 1605133478979
  logout: 1605134450256
ipAddress: 82.158.132.163
lastlocation:
  world: world
  x: -715.699999988079
  y: 11.0
  z: 1330.1454340611797
  yaw: 178.3053
  pitch: 5.0997925
logoutlocation:
  world: world
  x: 24.881404704311745
  y: 115.0
  z: 1904.5570417405852
  yaw: -20.100208
  pitch: 29.54997
