lastAccountName: Parai12
timestamps:
  login: 1605562409018
  logout: 1605566985014
ipAddress: 82.158.132.163
lastlocation:
  world: world
  x: -715.699999988079
  y: 11.0
  z: 1330.1454340611797
  yaw: 178.3053
  pitch: 5.0997925
logoutlocation:
  world: world
  x: -715.3402229664929
  y: 11.0
  z: 1275.904917083871
  yaw: 174.59479
  pitch: 39.450294
