lastAccountName: Parai12
timestamps:
  login: 1607292302112
  logout: 1607297200020
ipAddress: 82.158.132.163
lastlocation:
  world: world
  x: -715.699999988079
  y: 11.0
  z: 1330.1454340611797
  yaw: 178.3053
  pitch: 5.0997925
logoutlocation:
  world: world
  x: -36.32915129207927
  y: 22.0
  z: 1961.699999988079
  yaw: 304.17065
  pitch: 34.050068
