lastAccountName: Parai12
timestamps:
  login: 1607204710895
  logout: 1607210636272
ipAddress: 82.158.132.163
lastlocation:
  world: world
  x: -715.699999988079
  y: 11.0
  z: 1330.1454340611797
  yaw: 178.3053
  pitch: 5.0997925
logoutlocation:
  world: world
  x: -46.44820271053555
  y: 5.5
  z: 1966.8820971133375
  yaw: 216.47543
  pitch: 0.9003294
