lastAccountName: SandevidGB
timestamps:
  login: 1605049941223
  logout: 1605050119535
ipAddress: 188.26.210.147
logoutlocation:
  world: world
  x: 192.69450730119803
  y: 63.0
  z: 235.34336633287387
  yaw: -37.50313
  pitch: 22.050066
