lastAccountName: SandevidGB
timestamps:
  login: 1605476619872
  logout: 1605480864773
ipAddress: 188.26.210.147
logoutlocation:
  world: world
  x: 14.294852831773312
  y: 116.5
  z: 1905.2705114034259
  yaw: 281.36597
  pitch: 1.0506967
lastlocation:
  world: world
  x: -1.0578472471636124
  y: 109.0
  z: 1910.6015395685872
  yaw: -78.2832
  pitch: -2.2491355
