lastAccountName: SandevidGB
timestamps:
  login: 1605317573353
  logout: 1605319880326
ipAddress: 188.26.210.147
logoutlocation:
  world: world
  x: 38.25645830939446
  y: 129.0
  z: 1904.1922739792974
  yaw: -285.30493
  pitch: 30.15
