lastAccountName: SandevidGB
timestamps:
  login: 1605561600773
  logout: 1605561842349
ipAddress: 188.26.210.147
logoutlocation:
  world: world
  x: 13.051504267599293
  y: 120.5
  z: 1909.1760397751545
  yaw: 1.804718
  pitch: -0.3006157
lastlocation:
  world: world
  x: -1.0578472471636124
  y: 109.0
  z: 1910.6015395685872
  yaw: -78.2832
  pitch: -2.2491355
