lastAccountName: ImS_cherz_oEne
timestamps:
  login: 1605316840658
  logout: 1605319287077
ipAddress: 150.244.199.73
logoutlocation:
  world: world
  x: 28.577180031351382
  y: 117.0
  z: 1901.1377246760571
  yaw: -347.70035
  pitch: 31.499933
